(1381380483592, 140732071715216)
(1381380483656, 1381380328848)
(1381380483976, 1381380328880)
(1381380484232, 140732071715184)
(1381380484488, 1381380328912)
(1381380363784, 140732071715184)
(1381380365896, 1381380326064)
(1381380364296, 1381380326416)
(1381380365384, 140732071715216)
(1381380365320, 140732071715184)
(1381372915528, 1381380326160)
(1381372914696, 1381380326576)
(1381372977992, 1381380326544)
(1381380367688, 140732071715184)
(1381380369992, 1381380326736)
(1381380377864, 140732071715184)
(1381380377736, 140732071715216)
(1381380377992, 140732071715184)
(1381380378120, 1381380326960)
(1381380377160, 140732071715184)
(1381223283656, 1381380326800)
(1381223283912, 140732071715184)
(1381223284104, 1381380327184)
(1381373371528, 140732071715184)
(1381378658952, 140732071715216)
(1381379646472, 1381380327376)
(1381380078984, 140732071715184)
(1381380078408, 1381380327216)
(1381380077768, 1381380328720)
(1381380027528, 1381380327600)
(1381380027656, 1381380383472)
(1381380027784, 1381380383216)
(1381380027912, 140732071715216)
(1381380028552, 1381380383152)
(1381380028680, 1381380383760)
(1381380028808, 140732071715184)
(1381380028936, 1381380383664)
(1381380029064, 140732071715184)
(1381380029704, 140732071715184)
(1381380029832, 1381380383376)
(1381380029960, 140732071715216)
(1381380030088, 140732071715184)
(1381380030216, 1381380383696)
(1381380030344, 140732071715184)
(1381380030536, 1381380385072)
(1381380030664, 1381380385168)
(1381380030792, 1381380385264)
(1381380031496, 140732071715184)
(1381380031624, 140732071715216)
